10,232
10,226
10,194
10,6
10,182
11,26
9,7
9,6
9,1
9,4
9,2
9,3
8,7
8,17
8,12
78,3
78,2
78,1
78,0
77,4
77,3
77,2
77,1
77,0
76,3
76,2
76,1
76,0
75,3
75,2
75,1
75,0
20,3
20,2
20,1
19,3
19,2
19,1
12,3
12,2
12,1
11,29
11,28
11,27
11,25
11,22
11,21
11,20
11,19
11,18
11,17
11,16
11,14
11,13
11,12
11,11
11,10
11,9
11,8
11,7
11,6
11,5
11,4
11,3
11,2
11,1
10,306
10,305
10,298
10,289
10,282
10,278
10,271
10,258
10,250
10,239
10,227
10,224
10,219
10,210
10,208
10,206
10,204
10,201
10,192
10,183
10,170
10,161
10,159
10,150
10,149
10,138
10,137
10,135
10,134
10,130
10,126
10,119
10,111
10,106
10,100
10,95
18,1
18,3
10,93
10,90
14,1
10,79
10,69
10,29
10,28
10,25
14,3
13,1
